chr	loc	maf
1	190733	0.468595502664783
1	190742	0.467332791958131
1	190790	0.340864141624506
1	192764	0.170571360184793
1	192836	0.207764298516246
1	192997	0.140901221225448
1	193096	0.467108200327117
1	193112	0.321048218851745
1	193146	0.165298125915422
1	193194	0.367692259733923
1	193698	0.140483675150639
1	193722	0.12349369490089
1	193863	0.364277940202583
1	193865	0.499819309340636
1	193925	0.111281517696891
1	193979	0.161830841085179
1	194032	0.24837099917814
1	194209	0.329161646550597
1	194247	0.0637718150469586
1	194441	0.11715715960422
1	194598	0.243704935697685
1	194640	0.475462466488202
1	194726	0.475473898948986
1	194786	0.485822095842568
1	194801	0.364743391455485
1	195037	0.0506175895467234
1	195102	0.187513247448409
1	195109	0.497653908510521
1	195431	0.305359613731425
1	195669	0.181128558395196
2	190733	0.468595502664783
2	190742	0.467332791958131
2	190790	0.340864141624506
2	192764	0.170571360184793
2	192836	0.207764298516246
2	192997	0.140901221225448
2	193096	0.467108200327117
2	193112	0.321048218851745
2	193146	0.165298125915422
2	193194	0.367692259733923
2	193698	0.140483675150639
2	193722	0.12349369490089
2	193863	0.364277940202583
2	193865	0.499819309340636
2	193925	0.111281517696891
2	193979	0.161830841085179
2	194032	0.24837099917814
2	194209	0.329161646550597
2	194247	0.0637718150469586
2	194441	0.11715715960422
2	194598	0.243704935697685
2	194640	0.475462466488202
2	194726	0.475473898948986
2	194786	0.485822095842568
2	194801	0.364743391455485
2	195037	0.0506175895467234
2	195102	0.187513247448409
2	195109	0.497653908510521
2	195431	0.305359613731425
2	195669	0.181128558395196
3	190733	0.468595502664783
3	190742	0.467332791958131
3	190790	0.340864141624506
3	192764	0.170571360184793
3	192836	0.207764298516246
3	192997	0.140901221225448
3	193096	0.467108200327117
3	193112	0.321048218851745
3	193146	0.165298125915422
3	193194	0.367692259733923
3	193698	0.140483675150639
3	193722	0.12349369490089
3	193863	0.364277940202583
3	193865	0.499819309340636
3	193925	0.111281517696891
3	193979	0.161830841085179
3	194032	0.24837099917814
3	194209	0.329161646550597
3	194247	0.0637718150469586
3	194441	0.11715715960422
3	194598	0.243704935697685
3	194640	0.475462466488202
3	194726	0.475473898948986
3	194786	0.485822095842568
3	194801	0.364743391455485
3	195037	0.0506175895467234
3	195102	0.187513247448409
3	195109	0.497653908510521
3	195431	0.305359613731425
3	195669	0.181128558395196
4	190733	0.468595502664783
4	190742	0.467332791958131
4	190790	0.340864141624506
4	192764	0.170571360184793
4	192836	0.207764298516246
4	192997	0.140901221225448
4	193096	0.467108200327117
4	193112	0.321048218851745
4	193146	0.165298125915422
4	193194	0.367692259733923
4	193698	0.140483675150639
4	193722	0.12349369490089
4	193863	0.364277940202583
4	193865	0.499819309340636
4	193925	0.111281517696891
4	193979	0.161830841085179
4	194032	0.24837099917814
4	194209	0.329161646550597
4	194247	0.0637718150469586
4	194441	0.11715715960422
4	194598	0.243704935697685
4	194640	0.475462466488202
4	194726	0.475473898948986
4	194786	0.485822095842568
4	194801	0.364743391455485
4	195037	0.0506175895467234
4	195102	0.187513247448409
4	195109	0.497653908510521
4	195431	0.305359613731425
4	195669	0.181128558395196
5	190733	0.468595502664783
5	190742	0.467332791958131
5	190790	0.340864141624506
5	192764	0.170571360184793
5	192836	0.207764298516246
5	192997	0.140901221225448
5	193096	0.467108200327117
5	193112	0.321048218851745
5	193146	0.165298125915422
5	193194	0.367692259733923
5	193698	0.140483675150639
5	193722	0.12349369490089
5	193863	0.364277940202583
5	193865	0.499819309340636
5	193925	0.111281517696891
5	193979	0.161830841085179
5	194032	0.24837099917814
5	194209	0.329161646550597
5	194247	0.0637718150469586
5	194441	0.11715715960422
5	194598	0.243704935697685
5	194640	0.475462466488202
5	194726	0.475473898948986
5	194786	0.485822095842568
5	194801	0.364743391455485
5	195037	0.0506175895467234
5	195102	0.187513247448409
5	195109	0.497653908510521
5	195431	0.305359613731425
5	195669	0.181128558395196
6	190733	0.468595502664783
6	190742	0.467332791958131
6	190790	0.340864141624506
6	192764	0.170571360184793
6	192836	0.207764298516246
6	192997	0.140901221225448
6	193096	0.467108200327117
6	193112	0.321048218851745
6	193146	0.165298125915422
6	193194	0.367692259733923
6	193698	0.140483675150639
6	193722	0.12349369490089
6	193863	0.364277940202583
6	193865	0.499819309340636
6	193925	0.111281517696891
6	193979	0.161830841085179
6	194032	0.24837099917814
6	194209	0.329161646550597
6	194247	0.0637718150469586
6	194441	0.11715715960422
6	194598	0.243704935697685
6	194640	0.475462466488202
6	194726	0.475473898948986
6	194786	0.485822095842568
6	194801	0.364743391455485
6	195037	0.0506175895467234
6	195102	0.187513247448409
6	195109	0.497653908510521
6	195431	0.305359613731425
6	195669	0.181128558395196
7	190733	0.468595502664783
7	190742	0.467332791958131
7	190790	0.340864141624506
7	192764	0.170571360184793
7	192836	0.207764298516246
7	192997	0.140901221225448
7	193096	0.467108200327117
7	193112	0.321048218851745
7	193146	0.165298125915422
7	193194	0.367692259733923
7	193698	0.140483675150639
7	193722	0.12349369490089
7	193863	0.364277940202583
7	193865	0.499819309340636
7	193925	0.111281517696891
7	193979	0.161830841085179
7	194032	0.24837099917814
7	194209	0.329161646550597
7	194247	0.0637718150469586
7	194441	0.11715715960422
7	194598	0.243704935697685
7	194640	0.475462466488202
7	194726	0.475473898948986
7	194786	0.485822095842568
7	194801	0.364743391455485
7	195037	0.0506175895467234
7	195102	0.187513247448409
7	195109	0.497653908510521
7	195431	0.305359613731425
7	195669	0.181128558395196
8	190733	0.468595502664783
8	190742	0.467332791958131
8	190790	0.340864141624506
8	192764	0.170571360184793
8	192836	0.207764298516246
8	192997	0.140901221225448
8	193096	0.467108200327117
8	193112	0.321048218851745
8	193146	0.165298125915422
8	193194	0.367692259733923
8	193698	0.140483675150639
8	193722	0.12349369490089
8	193863	0.364277940202583
8	193865	0.499819309340636
8	193925	0.111281517696891
8	193979	0.161830841085179
8	194032	0.24837099917814
8	194209	0.329161646550597
8	194247	0.0637718150469586
8	194441	0.11715715960422
8	194598	0.243704935697685
8	194640	0.475462466488202
8	194726	0.475473898948986
8	194786	0.485822095842568
8	194801	0.364743391455485
8	195037	0.0506175895467234
8	195102	0.187513247448409
8	195109	0.497653908510521
8	195431	0.305359613731425
8	195669	0.181128558395196
9	190733	0.468595502664783
9	190742	0.467332791958131
9	190790	0.340864141624506
9	192764	0.170571360184793
9	192836	0.207764298516246
9	192997	0.140901221225448
9	193096	0.467108200327117
9	193112	0.321048218851745
9	193146	0.165298125915422
9	193194	0.367692259733923
9	193698	0.140483675150639
9	193722	0.12349369490089
9	193863	0.364277940202583
9	193865	0.499819309340636
9	193925	0.111281517696891
9	193979	0.161830841085179
9	194032	0.24837099917814
9	194209	0.329161646550597
9	194247	0.0637718150469586
9	194441	0.11715715960422
9	194598	0.243704935697685
9	194640	0.475462466488202
9	194726	0.475473898948986
9	194786	0.485822095842568
9	194801	0.364743391455485
9	195037	0.0506175895467234
9	195102	0.187513247448409
9	195109	0.497653908510521
9	195431	0.305359613731425
9	195669	0.181128558395196
10	190733	0.468595502664783
10	190742	0.467332791958131
10	190790	0.340864141624506
10	192764	0.170571360184793
10	192836	0.207764298516246
10	192997	0.140901221225448
10	193096	0.467108200327117
10	193112	0.321048218851745
10	193146	0.165298125915422
10	193194	0.367692259733923
10	193698	0.140483675150639
10	193722	0.12349369490089
10	193863	0.364277940202583
10	193865	0.499819309340636
10	193925	0.111281517696891
10	193979	0.161830841085179
10	194032	0.24837099917814
10	194209	0.329161646550597
10	194247	0.0637718150469586
10	194441	0.11715715960422
10	194598	0.243704935697685
10	194640	0.475462466488202
10	194726	0.475473898948986
10	194786	0.485822095842568
10	194801	0.364743391455485
10	195037	0.0506175895467234
10	195102	0.187513247448409
10	195109	0.497653908510521
10	195431	0.305359613731425
10	195669	0.181128558395196
